[{"id": 17588227, "p1": "Mexico", "p2": "South Africa", "p1Id": 2545, "p2Id": 3011, "kickoff": 1781204700000, "stage": "Group Stage", "score": null, "outcome": "p1", "scoresReal": false, "opening": [67.8, 21.7, 10.5], "closing": [94.1, 5.5, 0.4], "wave": [3.54, 6.87, 2.76, 3.87, 11.47, 17.83, 15.4, 4.79, 2.75, 3.79, 49.36, 5.1, 2.36, 3.1, 3.29, 1.31, 1.74, 3.0, 2.97, 2.34, 3.12, 5.55, 3.17, 5.37, 2.89, 2.22, 2.32, 2.71, 2.35, 2.51, 2.18, 1.96, 2.43, 2.93, 1.73, 2.73, 2.12, 3.88, 2.79, 1.63, 2.62, 1.75, 3.63, 2.55, 2.47, 2.11, 0.91, 2.38, 10.95, 3.08, 1.43, 0.77, 0.27, 0.0, 2.83, 0.97, 1.94, 5.37, 2.05, 2.83, 1.33, 1.18, 1.83, 0.48, 1.16, 0.43, 3.9, 1.68, 1.74, 1.7, 2.8, 0.0, 20.82, 3.67, 5.84, 2.19, 2.79, 1.27, 4.05, 9.91, 2.62, 5.31, 9.62, 1.26, 7.6, 1.6, 5.03, 3.42, 8.89, 0.0, 0.0, 0.0, 0.0, 0.0, 0.0, 0.0, 0.0, 0.0, 0.0, 0.0, 0.0, 0.0, 0.0, 0.0, 0.0, 0.0, 0.0, 0.0, 0.0, 0.0, 0.0, 0.0, 0.0, 0.0, 0.0, 0.0, 0.0, 0.0, 0.0, 0.0, 0.0, 0.0, 0.0, 0.0, 0.0, 0.0, 0.0, 0.0, 0.0, 0.0, 0.0, 0.0, 0.0, 0.0, 0.0], "prob": [[0.0, 67.8, 21.7, 10.5], [0.6, 67.8, 22.0, 10.2], [1.1, 67.2, 22.0, 10.7], [1.7, 66.5, 22.8, 10.6], [2.2, 67.2, 22.2, 10.6], [2.7, 66.8, 22.8, 10.4], [3.2, 66.6, 22.9, 10.5], [3.7, 66.4, 23.1, 10.4], [4.3, 66.6, 23.2, 10.2], [4.8, 66.3, 23.4, 10.3], [5.3, 66.6, 23.2, 10.2], [5.8, 66.6, 23.2, 10.2], [6.3, 66.5, 23.3, 10.2], [6.8, 67.2, 23.0, 9.8], [7.3, 67.0, 23.0, 10.0], [7.8, 66.6, 23.3, 10.1], [8.3, 66.8, 23.2, 10.0], [8.9, 67.1, 23.0, 9.9], [9.4, 67.2, 23.0, 9.8], [10.5, 88.3, 9.2, 2.5], [11.1, 86.6, 10.4, 3.1], [11.6, 85.8, 11.1, 3.1], [12.2, 85.4, 11.3, 3.3], [12.7, 85.7, 11.1, 3.2], [13.2, 85.8, 11.1, 3.1], [13.7, 86.1, 10.8, 3.1], [14.3, 85.9, 11.0, 3.0], [14.8, 85.8, 11.2, 3.0], [15.5, 85.8, 11.0, 3.1], [16.0, 86.0, 11.1, 3.0], [16.6, 86.0, 11.0, 3.0], [17.1, 85.9, 11.2, 2.9], [17.6, 86.0, 11.0, 3.0], [18.1, 85.7, 11.3, 3.0], [18.7, 85.5, 11.5, 3.1], [19.2, 85.7, 11.3, 3.0], [19.8, 85.4, 11.6, 3.0], [20.3, 85.5, 11.5, 3.0], [20.8, 85.7, 11.4, 2.9], [21.3, 85.8, 11.3, 2.9], [21.8, 85.8, 11.3, 2.9], [22.5, 85.8, 11.1, 3.1], [23.0, 85.5, 11.5, 3.0], [23.5, 85.6, 11.2, 3.1], [24.1, 85.3, 11.5, 3.2], [24.6, 84.6, 12.0, 3.4], [25.2, 84.5, 12.2, 3.2], [26.0, 84.7, 12.1, 3.1], [26.5, 85.0, 12.0, 3.0], [27.1, 85.4, 11.7, 2.9], [27.6, 85.8, 11.4, 2.8], [28.1, 85.2, 11.8, 3.1], [28.7, 85.3, 11.8, 2.9], [29.2, 85.3, 11.9, 2.9], [29.7, 85.6, 11.7, 2.7], [30.2, 85.9, 11.4, 2.6], [30.8, 86.4, 11.1, 2.5], [31.3, 86.2, 11.3, 2.5], [31.9, 86.4, 11.1, 2.4], [32.4, 86.7, 10.9, 2.4], [32.9, 86.4, 11.1, 2.5], [33.5, 86.2, 11.3, 2.5], [34.0, 86.4, 11.2, 2.5], [34.7, 86.4, 11.2, 2.5], [35.2, 86.4, 11.2, 2.4], [35.7, 86.3, 11.3, 2.4], [36.3, 86.4, 11.2, 2.4], [36.8, 86.1, 11.5, 2.4], [37.4, 85.7, 11.9, 2.4], [37.9, 85.8, 11.7, 2.5], [38.4, 85.8, 11.7, 2.5], [38.9, 85.2, 12.1, 2.7], [39.5, 85.3, 12.1, 2.7], [40.0, 85.3, 11.9, 2.8], [40.5, 85.0, 12.3, 2.7], [41.1, 85.3, 12.0, 2.6], [41.6, 85.4, 12.0, 2.6], [42.2, 85.8, 11.9, 2.4], [42.7, 86.0, 11.6, 2.4], [43.2, 86.0, 11.6, 2.4], [43.8, 86.1, 11.5, 2.3], [44.3, 86.5, 11.2, 2.2], [44.8, 86.3, 11.4, 2.3], [45.4, 86.0, 11.6, 2.4], [45.9, 86.2, 11.5, 2.3], [46.5, 86.4, 11.4, 2.3], [47.0, 86.1, 11.6, 2.4], [47.5, 86.0, 11.6, 2.4], [48.1, 86.3, 11.4, 2.4], [48.6, 86.1, 11.3, 2.6], [49.1, 86.3, 11.2, 2.6], [49.6, 86.7, 11.1, 2.2], [50.1, 86.6, 11.1, 2.2], [50.7, 86.7, 11.1, 2.2], [51.4, 86.7, 11.1, 2.2], [52.2, 86.4, 11.6, 2.0], [54.1, 86.2, 11.6, 2.2], [54.9, 86.7, 11.0, 2.2], [55.5, 86.3, 11.1, 2.6], [56.1, 86.7, 10.8, 2.5], [57.1, 86.1, 11.3, 2.6], [57.7, 86.7, 11.1, 2.2], [58.9, 86.8, 10.9, 2.3], [59.4, 86.6, 11.0, 2.4], [60.4, 86.7, 11.2, 2.0], [61.4, 86.2, 11.6, 2.2], [62.1, 86.4, 11.6, 2.0], [62.9, 86.5, 11.5, 2.0], [63.6, 86.7, 10.9, 2.4], [64.5, 87.0, 10.9, 2.2], [65.1, 86.5, 11.0, 2.6], [66.9, 87.3, 10.3, 2.4], [67.5, 87.0, 10.9, 2.2], [68.0, 87.1, 10.7, 2.1], [68.6, 86.9, 11.0, 2.2], [69.2, 87.0, 10.9, 2.1], [69.7, 87.3, 10.6, 2.0], [70.3, 87.7, 10.3, 2.0], [72.2, 96.3, 3.3, 0.3], [72.7, 95.6, 3.9, 0.5], [73.4, 96.4, 3.3, 0.3], [74.0, 95.6, 3.9, 0.5], [74.5, 96.0, 3.6, 0.3], [75.0, 95.1, 4.4, 0.4], [75.7, 95.5, 4.0, 0.5], [76.2, 96.0, 3.7, 0.4], [76.7, 95.7, 3.9, 0.4], [77.2, 95.2, 4.3, 0.4], [77.8, 95.1, 4.4, 0.4], [78.3, 95.1, 4.4, 0.4], [79.0, 94.7, 4.9, 0.4], [79.5, 94.7, 4.9, 0.4], [80.2, 95.6, 4.0, 0.4], [80.8, 94.8, 4.8, 0.4], [81.5, 94.9, 4.7, 0.4], [82.0, 95.6, 4.1, 0.4], [82.6, 94.8, 4.8, 0.4], [83.1, 95.3, 4.3, 0.4], [83.9, 95.5, 4.1, 0.4], [84.4, 95.4, 4.2, 0.4], [84.9, 94.5, 5.1, 0.4], [85.5, 95.3, 4.3, 0.3], [86.0, 95.4, 4.2, 0.3], [86.5, 94.6, 5.1, 0.3], [87.0, 95.2, 4.4, 0.3], [87.6, 95.4, 4.3, 0.3], [88.2, 95.3, 4.4, 0.3]], "quakes": [{"min": 10.5, "side": "p1", "mag": 21.1}, {"min": 72.2, "side": "p1", "mag": 7.9}], "goals": [{"min": 10.5, "side": "p1", "inferred": true}, {"min": 72.2, "side": "p1", "inferred": true}], "cards": [], "metrics": {"volatility": 369.3, "lateDrama": 98.7, "maxSwing": 21.1, "upset": 0.0, "flips": 0}, "lines": ["10' \u2014 a 21.1-point earthquake in Mexico's favour."]}, {"id": 17926696, "p1": "South Korea", "p2": "Czech Republic", "p1Id": 3013, "p2Id": 1780, "kickoff": 1781229600000, "stage": "Group Stage", "score": null, "outcome": "p1", "scoresReal": false, "opening": [37.6, 30.4, 32.0], "closing": [95.7, 4.1, 0.2], "wave": [3.47, 3.15, 4.15, 2.51, 1.93, 2.39, 3.44, 2.58, 1.98, 4.71, 3.21, 2.91, 4.38, 4.1, 5.79, 3.84, 6.76, 4.78, 4.02, 4.88, 2.79, 4.39, 5.41, 4.68, 1.66, 3.02, 2.69, 3.29, 3.71, 3.29, 3.48, 3.47, 2.57, 2.01, 4.34, 3.22, 3.78, 5.02, 5.88, 4.77, 4.96, 2.92, 4.58, 3.15, 4.01, 3.44, 3.48, 5.58, 2.74, 1.32, 4.52, 0.85, 2.04, 0.52, 0.47, 1.52, 1.51, 0.97, 1.45, 2.42, 0.0, 2.32, 1.34, 0.98, 4.4, 7.99, 5.5, 3.31, 3.67, 3.03, 2.72, 4.47, 4.02, 3.25, 5.23, 3.78, 3.58, 86.9, 5.08, 5.18, 7.69, 4.72, 4.05, 3.53, 5.26, 3.28, 102.4, 9.12, 16.19, 5.42, 5.11, 4.99, 8.24, 6.22, 4.53, 4.74, 1.92, 7.41, 129.13, 4.34, 5.66, 4.63, 8.74, 4.2, 3.46, 2.11, 15.61, 4.46, 8.6, 9.04, 7.34, 5.14, 6.42, 5.84, 0.0, 0.0, 0.0, 0.0, 0.0, 0.0, 0.0, 0.0, 0.0, 0.0, 0.0, 0.0, 0.0, 0.0, 0.0, 0.0, 0.0, 0.0, 0.0, 0.0, 0.0], "prob": [[0.1, 37.6, 30.3, 32.0], [0.7, 37.6, 30.7, 31.7], [1.3, 37.8, 30.5, 31.6], [1.9, 38.2, 30.1, 31.7], [2.4, 37.2, 30.7, 32.1], [3.0, 37.1, 30.8, 32.1], [3.5, 37.0, 31.0, 32.0], [4.1, 37.2, 31.1, 31.7], [4.7, 37.1, 31.2, 31.7], [5.2, 37.1, 31.5, 31.5], [5.7, 37.2, 31.6, 31.2], [6.2, 37.0, 31.8, 31.2], [6.8, 36.8, 31.6, 31.5], [7.3, 37.0, 31.6, 31.4], [8.0, 37.1, 31.6, 31.3], [8.5, 37.2, 31.8, 31.0], [9.0, 37.1, 31.9, 31.0], [9.5, 36.9, 32.1, 31.0], [10.1, 36.9, 32.3, 30.7], [10.7, 37.0, 32.8, 30.2], [11.2, 37.2, 32.8, 29.9], [11.7, 37.1, 32.9, 30.0], [12.3, 37.3, 33.1, 29.6], [13.0, 38.0, 33.3, 28.7], [13.7, 38.1, 33.4, 28.6], [14.2, 38.9, 33.4, 27.7], [14.7, 39.0, 33.5, 27.6], [15.2, 38.7, 33.6, 27.8], [15.8, 38.0, 33.9, 28.1], [16.3, 37.9, 34.1, 28.0], [16.8, 38.2, 34.1, 27.7], [17.3, 37.8, 34.3, 27.9], [17.9, 38.4, 34.0, 27.7], [18.4, 38.0, 34.2, 27.8], [18.9, 37.8, 34.5, 27.7], [19.4, 37.3, 34.5, 28.2], [20.0, 37.5, 34.6, 27.9], [20.5, 37.4, 34.7, 27.9], [21.0, 36.9, 34.9, 28.2], [21.5, 36.2, 35.3, 28.5], [22.0, 35.5, 35.3, 29.1], [22.6, 35.2, 35.6, 29.1], [23.1, 35.2, 35.7, 29.1], [23.6, 35.1, 35.9, 29.0], [24.3, 35.3, 36.0, 28.7], [24.8, 35.4, 36.0, 28.6], [25.4, 35.3, 36.0, 28.7], [26.1, 35.0, 36.2, 28.8], [26.8, 35.7, 35.9, 28.4], [27.3, 35.5, 36.2, 28.3], [27.8, 35.3, 36.6, 28.2], [28.3, 35.3, 36.8, 28.0], [28.9, 34.6, 36.8, 28.5], [29.5, 34.1, 36.9, 29.0], [30.0, 34.0, 36.9, 29.0], [30.5, 33.9, 37.2, 29.0], [31.0, 33.7, 37.4, 28.9], [31.5, 33.5, 37.3, 29.2], [32.0, 33.3, 38.0, 28.7], [32.5, 33.2, 37.9, 28.9], [33.0, 33.1, 37.8, 29.1], [33.5, 32.9, 38.1, 29.0], [34.1, 32.8, 38.2, 29.0], [34.6, 33.1, 38.3, 28.7], [35.1, 32.7, 38.6, 28.7], [35.6, 32.6, 38.8, 28.6], [36.1, 32.7, 39.0, 28.3], [36.7, 32.5, 39.2, 28.4], [37.3, 32.1, 39.2, 28.7], [37.8, 31.7, 39.5, 28.8], [38.3, 32.4, 39.7, 27.9], [38.8, 32.3, 40.2, 27.5], [39.3, 32.1, 40.4, 27.5], [39.8, 32.5, 40.2, 27.3], [40.4, 32.6, 40.7, 26.8], [40.9, 32.4, 41.1, 26.4], [41.4, 32.4, 41.2, 26.3], [41.9, 32.4, 41.3, 26.3], [42.5, 32.2, 41.6, 26.2], [43.0, 32.1, 41.5, 26.4], [43.6, 31.9, 42.0, 26.1], [44.1, 31.7, 42.4, 25.9], [44.6, 31.7, 42.1, 26.2], [45.2, 31.6, 42.3, 26.1], [45.7, 31.4, 42.7, 25.8], [46.2, 31.6, 42.8, 25.6], [46.7, 31.6, 43.3, 25.1], [47.2, 31.7, 43.8, 24.5], [47.8, 31.9, 43.9, 24.2], [48.3, 32.0, 44.1, 23.9], [48.9, 31.5, 44.5, 24.0], [49.5, 31.9, 44.5, 23.6], [50.0, 32.0, 44.6, 23.4], [50.6, 32.0, 44.4, 23.5], [51.3, 31.9, 44.3, 23.9], [52.5, 32.2, 44.3, 23.5], [53.2, 32.3, 44.1, 23.7], [54.6, 32.3, 44.0, 23.7], [55.7, 32.3, 44.0, 23.7], [56.3, 32.2, 44.1, 23.7], [56.9, 32.6, 43.7, 23.7], [57.8, 32.7, 43.6, 23.7], [58.4, 32.4, 43.8, 23.7], [59.2, 32.3, 44.2, 23.5], [61.4, 32.5, 43.7, 23.8], [62.0, 32.2, 44.2, 23.5], [62.9, 32.1, 44.1, 23.8], [63.4, 32.3, 44.4, 23.3], [64.0, 32.2, 43.9, 23.9], [64.6, 32.1, 44.1, 23.8], [65.2, 31.6, 44.8, 23.6], [65.7, 31.4, 45.1, 23.5], [66.3, 31.1, 45.5, 23.4], [66.8, 30.6, 45.6, 23.8], [67.3, 30.5, 45.7, 23.9], [67.9, 30.7, 45.8, 23.5], [68.4, 31.1, 45.9, 22.9], [68.9, 31.0, 46.1, 22.9], [69.5, 31.0, 46.3, 22.7], [70.0, 30.9, 46.5, 22.5], [70.5, 31.0, 46.6, 22.5], [71.0, 31.3, 46.3, 22.3], [71.5, 31.1, 46.8, 22.1], [72.0, 31.2, 47.0, 21.8], [72.5, 31.3, 47.1, 21.6], [73.0, 30.8, 47.8, 21.4], [73.5, 30.9, 48.0, 21.1], [74.0, 30.6, 48.5, 20.8], [74.5, 31.3, 48.0, 20.7], [75.1, 31.3, 48.3, 20.5], [75.7, 31.3, 48.4, 20.3], [76.4, 31.1, 49.0, 19.9], [76.9, 30.9, 49.3, 19.8], [77.9, 9.8, 27.4, 62.9], [78.4, 9.7, 27.3, 63.0], [79.1, 9.4, 27.1, 63.5], [79.6, 9.3, 26.9, 63.8], [80.1, 9.1, 27.3, 63.7], [80.6, 9.3, 27.2, 63.5], [81.2, 8.8, 27.3, 63.9], [81.7, 8.8, 27.4, 63.7], [82.2, 8.8, 26.9, 64.2], [82.7, 8.5, 26.7, 64.8], [83.3, 8.3, 26.7, 65.0], [83.9, 8.3, 26.8, 64.9], [84.4, 8.3, 26.6, 65.1], [84.9, 8.1, 26.7, 65.2], [85.4, 8.1, 26.9, 65.1], [86.5, 27.8, 55.8, 16.4], [87.0, 27.7, 56.3, 16.0], [87.8, 27.5, 57.4, 15.1], [88.3, 25.5, 58.8, 15.7], [88.8, 24.8, 59.1, 16.2], [89.4, 23.8, 60.6, 15.6], [89.9, 23.8, 60.7, 15.5], [90.4, 23.9, 60.8, 15.3], [90.9, 23.7, 60.6, 15.7], [91.4, 24.0, 61.0, 15.0], [91.9, 23.5, 61.4, 15.1], [92.4, 23.6, 61.7, 14.7], [92.9, 23.0, 62.2, 14.7], [93.5, 23.1, 62.8, 14.1], [94.0, 22.9, 62.9, 14.2], [94.5, 22.7, 63.1, 14.2], [95.0, 21.8, 64.0, 14.2], [95.5, 21.0, 64.7, 14.3], [97.0, 20.8, 65.4, 13.8], [97.5, 20.3, 66.0, 13.7], [98.0, 20.2, 66.2, 13.7], [98.9, 83.8, 14.2, 2.0], [99.7, 84.5, 13.8, 1.8], [100.2, 83.5, 14.4, 2.0], [100.8, 83.3, 14.7, 2.0], [101.3, 83.6, 14.3, 2.1], [101.8, 83.6, 14.5, 1.9], [102.4, 84.3, 13.9, 1.8], [102.9, 84.4, 13.9, 1.7], [103.4, 84.6, 13.7, 1.7], [103.9, 85.1, 13.3, 1.6], [104.4, 85.0, 13.4, 1.6], [104.9, 85.5, 13.0, 1.5], [105.4, 85.6, 12.9, 1.5], [105.9, 85.8, 12.8, 1.3], [106.5, 87.0, 11.6, 1.4], [107.0, 86.7, 12.1, 1.3], [107.5, 87.2, 11.6, 1.2], [108.0, 87.2, 11.7, 1.1], [108.6, 88.5, 10.6, 0.9], [109.1, 89.3, 9.9, 0.8], [109.6, 89.6, 9.6, 0.8], [110.1, 91.2, 8.2, 0.7], [110.6, 92.3, 7.0, 0.6], [111.1, 92.6, 6.9, 0.5], [111.6, 93.1, 6.4, 0.5], [112.2, 94.2, 5.4, 0.5], [112.9, 93.8, 6.0, 0.2], [113.5, 95.8, 4.0, 0.2]], "quakes": [{"min": 77.9, "side": "p2", "mag": 42.6}, {"min": 86.5, "side": "p1", "mag": 49.2}, {"min": 98.9, "side": "p1", "mag": 63.5}], "goals": [{"min": 77.9, "side": "p2", "inferred": true}, {"min": 86.5, "side": "p1", "inferred": true}, {"min": 98.9, "side": "p1", "inferred": true}], "cards": [], "metrics": {"volatility": 787.2, "lateDrama": 553.7, "maxSwing": 63.5, "upset": 0.0, "flips": 4}, "lines": ["98' \u2014 a 63.5-point earthquake in South Korea's favour.", "The market changed its mind 4 times. Nobody knew anything."]}, {"id": 17926604, "p1": "Canada", "p2": "Bosnia & Herzegovina", "p1Id": 1686, "p2Id": 1619, "kickoff": 1781290920000, "stage": "Group Stage", "score": null, "outcome": "draw", "scoresReal": false, "opening": [52.3, 27.0, 20.7], "closing": [4.6, 94.0, 1.5], "wave": [3.9, 5.41, 6.18, 4.55, 4.0, 4.39, 4.29, 6.58, 4.83, 2.3, 4.29, 4.95, 4.56, 4.65, 5.13, 2.25, 4.6, 4.75, 2.89, 4.4, 3.96, 48.83, 18.31, 2.59, 5.4, 3.95, 6.16, 2.27, 3.12, 8.27, 4.44, 3.02, 4.63, 5.38, 9.64, 5.56, 4.35, 9.54, 6.02, 5.38, 3.13, 4.57, 4.06, 5.42, 5.41, 5.0, 3.86, 3.94, 3.98, 4.19, 3.92, 2.23, 1.92, 0.74, 1.94, 5.78, 0.56, 3.41, 0.26, 1.02, 2.3, 0.08, 1.81, 0.82, 4.36, 4.7, 4.25, 3.81, 5.29, 4.96, 4.41, 3.1, 6.7, 20.27, 5.18, 4.8, 4.83, 7.15, 8.34, 6.05, 5.53, 6.1, 7.0, 4.98, 4.71, 4.79, 4.08, 9.72, 7.27, 2.6, 2.73, 7.52, 3.53, 6.46, 2.89, 7.57, 4.92, 5.32, 102.91, 13.72, 8.05, 8.85, 7.47, 8.36, 11.61, 11.06, 12.28, 13.24, 17.84, 20.27, 15.7, 11.93, 12.99, 16.17, 12.96, 0.0, 0.0, 0.0, 0.0, 0.0, 0.0, 0.0, 0.0, 0.0, 0.0, 0.0, 0.0, 0.0, 0.0, 0.0, 0.0, 0.0, 0.0, 0.0, 0.0], "prob": [[0.0, 52.2, 27.0, 20.8], [0.5, 51.8, 27.3, 20.8], [1.1, 51.9, 27.2, 20.9], [1.6, 52.4, 27.0, 20.5], [2.1, 52.6, 27.1, 20.3], [2.6, 52.1, 27.2, 20.8], [3.1, 52.4, 27.0, 20.6], [3.6, 52.5, 27.1, 20.4], [4.2, 52.7, 27.0, 20.3], [4.7, 52.4, 27.1, 20.6], [5.3, 51.8, 27.4, 20.8], [5.8, 51.4, 27.5, 21.1], [6.3, 51.0, 27.7, 21.2], [6.8, 50.4, 27.9, 21.7], [7.4, 50.6, 27.7, 21.7], [7.9, 50.7, 27.7, 21.6], [8.4, 50.2, 28.0, 21.8], [9.0, 50.0, 27.9, 22.1], [9.5, 50.0, 27.9, 22.1], [10.0, 50.2, 27.9, 22.0], [10.6, 50.6, 27.7, 21.7], [11.1, 50.8, 27.7, 21.5], [11.6, 49.9, 28.1, 22.0], [12.2, 49.8, 28.0, 22.2], [12.8, 49.9, 28.1, 22.0], [13.3, 49.5, 28.1, 22.5], [13.8, 49.4, 28.3, 22.4], [14.4, 49.6, 28.0, 22.4], [14.9, 49.8, 28.0, 22.3], [15.4, 49.9, 28.1, 22.0], [16.0, 50.1, 28.1, 21.8], [16.5, 50.4, 28.0, 21.5], [17.0, 50.8, 28.0, 21.2], [17.5, 51.3, 27.8, 20.9], [18.0, 51.7, 27.7, 20.5], [18.6, 52.0, 27.7, 20.4], [19.1, 51.7, 27.8, 20.5], [19.6, 51.7, 27.5, 20.7], [20.1, 51.5, 27.9, 20.6], [20.7, 51.0, 28.0, 21.0], [21.7, 29.1, 28.5, 42.5], [22.3, 30.3, 28.4, 41.3], [22.8, 29.6, 29.3, 41.2], [23.3, 29.3, 29.5, 41.3], [23.9, 28.9, 29.7, 41.4], [24.4, 29.0, 29.4, 41.6], [25.0, 29.2, 29.8, 41.1], [25.6, 29.0, 29.3, 41.7], [26.1, 29.4, 29.6, 41.0], [26.6, 29.3, 29.8, 40.9], [27.3, 29.4, 29.9, 40.6], [27.8, 29.5, 30.1, 40.4], [28.4, 29.2, 30.3, 40.4], [28.9, 29.8, 30.4, 39.8], [29.4, 30.5, 30.8, 38.7], [29.9, 30.5, 30.3, 39.2], [30.5, 30.5, 30.6, 38.9], [31.0, 30.4, 30.8, 38.9], [31.6, 30.5, 30.9, 38.6], [32.1, 30.4, 30.8, 38.8], [32.7, 30.3, 30.7, 39.0], [33.3, 30.2, 30.8, 39.0], [33.8, 30.4, 30.7, 38.9], [34.3, 30.1, 30.3, 39.6], [34.8, 30.0, 30.4, 39.6], [35.4, 29.9, 31.2, 38.9], [35.9, 30.1, 31.0, 38.9], [36.4, 30.2, 31.2, 38.6], [36.9, 29.8, 31.1, 39.1], [37.5, 30.4, 30.8, 38.9], [38.0, 30.3, 31.0, 38.7], [38.6, 30.2, 31.0, 38.8], [39.2, 30.2, 31.2, 38.6], [39.7, 30.1, 31.0, 38.9], [40.2, 30.2, 31.6, 38.2], [40.8, 29.6, 31.7, 38.6], [41.3, 29.4, 31.9, 38.7], [41.8, 29.6, 31.7, 38.6], [42.3, 29.1, 31.6, 39.3], [42.8, 28.6, 31.5, 39.9], [43.4, 28.1, 31.5, 40.5], [43.9, 27.1, 31.9, 41.0], [44.4, 26.8, 31.6, 41.5], [45.0, 26.3, 31.5, 42.1], [45.5, 25.9, 32.2, 41.9], [46.0, 25.9, 32.1, 42.1], [46.7, 25.5, 31.7, 42.8], [47.2, 25.3, 31.8, 42.9], [47.8, 25.0, 31.8, 43.2], [48.3, 24.6, 31.9, 43.5], [48.9, 24.8, 32.1, 43.2], [49.5, 24.6, 32.6, 42.7], [50.0, 24.9, 32.4, 42.8], [50.6, 24.7, 32.0, 43.3], [51.2, 25.1, 31.9, 43.0], [51.9, 25.7, 31.9, 42.4], [52.5, 26.0, 32.1, 42.0], [53.0, 25.9, 31.9, 42.2], [54.0, 25.7, 31.5, 42.8], [54.6, 25.7, 31.4, 42.8], [55.2, 25.8, 31.5, 42.7], [55.8, 25.0, 32.2, 42.8], [57.0, 26.1, 32.5, 41.4], [57.5, 26.1, 32.5, 41.4], [58.0, 26.1, 32.5, 41.4], [59.1, 26.2, 32.7, 41.2], [60.0, 26.4, 32.5, 41.0], [60.9, 25.7, 32.3, 42.0], [62.2, 25.7, 32.2, 42.1], [62.8, 25.7, 31.4, 42.9], [63.3, 25.8, 31.4, 42.9], [63.9, 25.8, 31.4, 42.8], [64.8, 25.0, 32.0, 43.0], [65.3, 24.6, 31.8, 43.6], [65.8, 24.1, 31.6, 44.3], [66.4, 23.8, 31.8, 44.4], [67.0, 24.3, 31.8, 43.9], [67.6, 24.4, 32.1, 43.6], [68.1, 24.2, 32.6, 43.2], [68.6, 24.1, 32.3, 43.6], [69.2, 23.6, 32.7, 43.8], [69.7, 23.5, 32.6, 44.0], [70.3, 23.5, 32.8, 43.7], [70.8, 23.7, 32.6, 43.7], [71.3, 23.6, 32.7, 43.7], [71.9, 23.2, 32.9, 43.9], [72.4, 23.3, 32.9, 43.8], [72.9, 23.6, 33.5, 42.9], [73.4, 23.3, 33.4, 43.3], [73.9, 22.9, 33.3, 43.8], [74.4, 22.2, 33.0, 44.7], [75.0, 22.5, 32.9, 44.6], [75.5, 22.2, 32.8, 45.0], [76.0, 21.7, 33.0, 45.3], [76.5, 21.1, 32.6, 46.2], [77.0, 20.6, 32.4, 47.0], [77.6, 20.0, 32.4, 47.6], [78.1, 19.0, 31.3, 49.7], [78.6, 18.8, 32.0, 49.2], [79.1, 18.6, 32.2, 49.2], [79.6, 18.4, 31.9, 49.8], [80.2, 17.8, 32.3, 49.9], [80.7, 17.6, 32.2, 50.3], [81.2, 17.5, 31.9, 50.6], [81.7, 17.2, 32.0, 50.8], [82.2, 17.1, 31.8, 51.0], [82.7, 17.0, 32.0, 51.0], [83.2, 16.6, 31.9, 51.4], [83.8, 16.2, 32.2, 51.6], [84.3, 16.2, 32.2, 51.6], [84.8, 16.1, 32.4, 51.5], [85.4, 16.4, 32.6, 51.0], [85.9, 16.2, 32.4, 51.4], [86.4, 16.0, 32.4, 51.6], [86.9, 15.6, 32.3, 52.1], [87.5, 15.7, 32.1, 52.2], [88.0, 15.3, 32.1, 52.6], [88.5, 15.3, 32.0, 52.7], [89.0, 14.2, 31.6, 54.2], [89.5, 14.1, 31.6, 54.3], [90.0, 14.0, 31.8, 54.3], [90.5, 14.1, 31.4, 54.5], [91.0, 13.9, 31.5, 54.6], [91.5, 13.8, 31.0, 55.2], [92.0, 14.0, 31.4, 54.6], [92.5, 13.9, 31.6, 54.6], [93.1, 13.7, 31.3, 55.0], [93.6, 13.0, 30.9, 56.1], [94.1, 12.7, 30.9, 56.4], [94.6, 12.4, 30.7, 56.9], [95.2, 11.9, 30.7, 57.3], [95.7, 11.5, 30.1, 58.4], [96.2, 10.8, 29.7, 59.5], [96.7, 10.4, 29.5, 60.1], [97.3, 10.2, 29.6, 60.2], [98.6, 30.6, 59.2, 10.3], [99.2, 31.2, 59.0, 9.8], [99.7, 30.8, 59.2, 10.0], [100.2, 30.6, 59.8, 9.6], [100.8, 30.2, 60.5, 9.3], [101.3, 29.8, 60.9, 9.3], [101.8, 29.4, 61.7, 8.8], [102.3, 29.2, 61.9, 8.8], [102.8, 28.7, 62.7, 8.5], [103.3, 28.8, 62.7, 8.5], [103.8, 27.9, 63.7, 8.4], [104.3, 27.7, 63.5, 8.8], [104.8, 26.7, 64.4, 8.9], [105.3, 26.6, 64.6, 8.8], [105.8, 26.0, 65.5, 8.5], [106.3, 25.3, 66.4, 8.3], [106.8, 23.8, 68.0, 8.2], [107.4, 22.6, 69.7, 7.8], [107.9, 21.1, 71.8, 7.0], [108.4, 20.4, 72.5, 7.1], [108.9, 19.0, 74.1, 6.8], [109.4, 17.9, 75.9, 6.2], [109.9, 16.2, 77.9, 5.9], [110.4, 13.6, 80.8, 5.6], [110.9, 12.8, 82.1, 5.1], [111.5, 12.5, 82.9, 4.6], [112.0, 11.4, 83.3, 5.3], [112.5, 10.2, 85.6, 4.1], [113.0, 9.1, 87.0, 3.8], [113.5, 9.1, 87.3, 3.7], [114.1, 6.5, 90.8, 2.7], [114.7, 6.6, 90.9, 2.5]], "quakes": [{"min": 21.7, "side": "p2", "mag": 22.0}, {"min": 98.6, "side": "p1", "mag": 49.5}], "goals": [{"min": 21.7, "side": "p2", "inferred": true}, {"min": 98.6, "side": "p1", "inferred": true}], "cards": [], "metrics": {"volatility": 821.4, "lateDrama": 474.0, "maxSwing": 49.5, "upset": 0.0, "flips": 2}, "lines": ["98' \u2014 a 49.5-point earthquake in Canada's favour."]}, {"id": 17588396, "p1": "USA", "p2": "Paraguay", "p1Id": 3220, "p2Id": 2740, "kickoff": 1781312520000, "stage": "Group Stage", "score": null, "outcome": "p1", "scoresReal": false, "opening": [46.7, 29.3, 24.0], "closing": [97.1, 2.2, 0.7], "wave": [8.38, 6.92, 3.77, 5.58, 3.55, 3.57, 2.56, 0.31, 64.45, 3.9, 16.26, 5.21, 3.69, 3.55, 4.54, 1.77, 6.65, 2.45, 2.75, 3.02, 1.09, 2.17, 2.09, 5.02, 1.42, 1.34, 2.01, 3.55, 0.21, 5.75, 3.4, 38.6, 1.85, 2.4, 2.68, 2.64, 3.06, 9.85, 1.65, 1.26, 3.29, 4.77, 3.54, 1.2, 4.2, 5.47, 1.63, 3.54, 1.66, 1.77, 0.0, 0.0, 0.0, 0.0, 0.0, 0.0, 0.0, 0.0, 0.0, 0.0, 0.0, 0.0, 0.0, 0.0, 0.0, 0.0, 0.0, 0.0, 0.0, 0.0, 0.0, 0.0, 0.0, 0.0, 0.0, 0.0, 0.0, 0.0, 0.0, 0.0, 0.0, 0.0, 0.0, 0.0, 0.0, 0.0, 0.0, 0.0, 0.0, 0.0, 0.0, 0.0, 0.0, 0.0, 0.0, 3.88, 1.2, 2.47, 5.83, 0.57, 0.0, 0.0, 0.0, 0.0, 0.0, 0.0, 0.0, 0.0, 0.0, 0.0, 0.0, 0.0, 0.0, 0.0, 0.0, 0.0, 0.0, 0.0, 0.0, 0.0, 0.0, 0.0, 0.0, 0.0, 0.0, 0.0, 0.0, 0.0, 0.0, 0.0, 0.0, 0.0, 0.0, 0.0, 0.0], "prob": [[0.1, 46.4, 29.5, 24.2], [0.7, 46.0, 30.1, 23.9], [1.2, 45.9, 29.8, 24.3], [1.7, 45.6, 30.0, 24.4], [2.2, 44.8, 30.1, 25.1], [2.8, 45.0, 30.3, 24.8], [3.3, 45.3, 30.4, 24.4], [3.9, 44.7, 30.9, 24.4], [4.4, 45.0, 30.5, 24.5], [4.9, 44.8, 30.6, 24.6], [5.5, 45.1, 30.7, 24.2], [6.0, 44.8, 30.8, 24.4], [6.5, 44.7, 30.9, 24.4], [7.0, 44.5, 31.1, 24.4], [8.1, 70.5, 19.9, 9.6], [8.6, 69.2, 20.8, 10.0], [9.1, 68.9, 21.1, 10.1], [9.6, 69.2, 20.8, 10.0], [10.1, 70.3, 20.0, 9.7], [10.7, 69.8, 20.6, 9.7], [11.2, 70.5, 20.1, 9.4], [11.7, 70.6, 20.1, 9.3], [12.2, 70.6, 20.2, 9.2], [12.7, 71.0, 20.0, 9.0], [13.3, 71.5, 19.9, 8.6], [13.8, 72.0, 19.5, 8.5], [14.3, 71.8, 19.5, 8.7], [14.9, 71.7, 19.6, 8.7], [15.5, 71.7, 19.6, 8.7], [16.0, 71.7, 19.7, 8.6], [16.5, 72.7, 18.8, 8.5], [17.1, 72.2, 19.4, 8.4], [17.6, 72.4, 19.2, 8.4], [18.1, 72.5, 19.4, 8.1], [18.6, 72.4, 19.2, 8.4], [19.1, 72.5, 19.4, 8.1], [19.7, 72.3, 19.5, 8.2], [20.4, 72.2, 19.7, 8.1], [20.9, 72.3, 19.6, 8.1], [21.4, 72.5, 19.4, 8.1], [22.0, 72.6, 19.4, 8.0], [22.6, 72.7, 19.3, 8.0], [23.2, 72.3, 19.6, 8.1], [23.7, 72.9, 19.3, 7.8], [24.2, 73.0, 19.4, 7.6], [25.0, 73.0, 19.5, 7.5], [25.5, 73.2, 19.4, 7.4], [26.2, 73.3, 19.4, 7.4], [26.7, 73.2, 19.3, 7.5], [27.3, 73.2, 19.3, 7.5], [27.8, 73.1, 19.4, 7.5], [29.0, 72.9, 19.6, 7.6], [29.5, 72.8, 19.3, 7.8], [30.0, 73.0, 19.3, 7.7], [30.5, 73.4, 19.4, 7.2], [31.2, 91.5, 6.5, 2.0], [31.7, 91.5, 6.5, 2.0], [32.2, 91.8, 6.3, 1.9], [32.8, 92.3, 6.0, 1.7], [33.3, 92.6, 5.7, 1.7], [34.0, 92.8, 5.7, 1.6], [34.6, 93.0, 5.5, 1.5], [35.1, 93.7, 5.0, 1.3], [35.6, 94.0, 4.8, 1.2], [36.2, 94.0, 4.7, 1.3], [36.7, 94.1, 4.6, 1.3], [37.2, 93.7, 5.0, 1.3], [37.8, 94.3, 4.5, 1.3], [38.3, 94.4, 4.4, 1.2], [38.9, 94.7, 4.4, 0.9], [39.4, 94.8, 4.1, 1.1], [39.9, 94.7, 4.2, 1.1], [40.4, 94.6, 4.3, 1.1], [40.9, 94.7, 4.2, 1.1], [41.7, 95.2, 3.7, 1.1], [42.3, 95.0, 4.0, 1.1], [42.8, 95.0, 4.2, 0.8], [43.4, 95.4, 3.6, 1.0], [44.1, 95.5, 3.5, 0.9], [44.6, 95.4, 3.8, 0.8], [45.1, 95.6, 3.4, 1.0], [45.6, 95.4, 3.6, 1.0], [46.2, 95.8, 3.4, 0.9], [46.9, 95.4, 3.6, 0.9], [47.5, 96.0, 3.3, 0.8], [48.2, 96.0, 3.4, 0.7], [48.7, 95.8, 3.6, 0.6], [49.2, 95.8, 3.6, 0.7], [95.3, 97.7, 2.0, 0.4], [95.8, 97.5, 2.1, 0.4], [96.4, 97.5, 2.1, 0.4], [96.9, 97.6, 1.9, 0.5], [97.4, 97.5, 2.2, 0.4], [97.9, 97.5, 2.1, 0.5], [98.5, 97.7, 1.9, 0.4]], "quakes": [{"min": 8.1, "side": "p1", "mag": 26.1}, {"min": 31.2, "side": "p1", "mag": 18.4}], "goals": [{"min": 8.1, "side": "p1", "inferred": true}, {"min": 31.2, "side": "p1", "inferred": true}], "cards": [], "metrics": {"volatility": 290.0, "lateDrama": 14.0, "maxSwing": 26.1, "upset": 0.0, "flips": 0}, "lines": ["8' \u2014 a 26.1-point earthquake in USA's favour."]}, {"id": 17588308, "p1": "Qatar", "p2": "Switzerland", "p1Id": 2820, "p2Id": 3099, "kickoff": 1781377200000, "stage": "Group Stage", "score": null, "outcome": "draw", "scoresReal": false, "opening": [5.5, 12.2, 82.3], "closing": [2.2, 91.3, 6.4], "wave": [2.69, 3.52, 0.49, 1.45, 9.16, 6.39, 3.39, 4.72, 8.38, 2.29, 3.28, 2.07, 2.57, 4.35, 1.8, 4.41, 2.51, 3.97, 0.0, 0.0, 2.66, 0.0, 28.86, 0.68, 0.41, 9.96, 3.88, 5.51, 3.28, 0.77, 4.17, 2.87, 8.56, 4.16, 3.59, 0.75, 2.08, 1.24, 3.28, 4.91, 2.84, 2.11, 4.72, 4.64, 5.49, 1.65, 1.49, 7.27, 2.3, 6.05, 2.66, 5.85, 0.34, 9.02, 8.18, 5.1, 0.84, 4.37, 4.04, 4.26, 0.0, 1.6, 1.93, 2.28, 4.17, 0.3, 2.74, 1.43, 1.76, 0.0, 3.39, 1.44, 3.65, 5.37, 4.21, 2.77, 8.89, 4.34, 3.44, 5.79, 1.05, 9.13, 5.52, 5.01, 6.16, 7.29, 3.2, 5.58, 8.29, 3.22, 4.9, 4.83, 3.65, 7.58, 4.11, 0.55, 2.38, 3.66, 5.42, 3.28, 3.7, 3.9, 2.31, 1.06, 2.23, 4.08, 2.1, 0.0, 0.55, 0.0, 0.0, 0.0, 0.0, 0.0, 6.96, 3.04, 2.68, 5.06, 5.63, 2.63, 2.06, 0.0, 182.23, 0.0, 0.0, 0.0, 0.0, 0.0, 0.0, 0.0, 0.0, 0.0, 0.0, 0.0, 0.0], "prob": [[0.0, 5.3, 12.5, 82.1], [0.6, 5.5, 12.9, 81.6], [1.3, 5.3, 12.5, 82.2], [1.8, 5.7, 12.8, 81.4], [2.5, 5.3, 12.4, 82.2], [3.3, 5.5, 12.3, 82.2], [3.9, 5.0, 12.3, 82.7], [4.6, 5.6, 13.0, 81.4], [5.2, 5.4, 12.9, 81.7], [5.8, 5.1, 12.5, 82.4], [6.4, 5.1, 12.5, 82.4], [7.0, 5.2, 13.1, 81.7], [7.5, 5.1, 13.6, 81.3], [8.1, 5.3, 13.4, 81.4], [8.6, 5.3, 13.4, 81.3], [9.1, 5.4, 13.7, 81.0], [9.6, 5.2, 13.5, 81.2], [10.2, 5.3, 13.8, 81.0], [10.7, 5.1, 13.6, 81.2], [11.2, 5.2, 13.7, 81.0], [11.8, 5.1, 13.7, 81.2], [12.3, 5.2, 13.6, 81.2], [13.0, 5.3, 13.7, 81.0], [13.5, 5.1, 13.3, 81.6], [14.0, 5.4, 13.6, 81.0], [14.5, 5.4, 13.7, 80.8], [15.0, 5.5, 13.8, 80.7], [15.6, 5.2, 13.7, 81.0], [16.1, 4.6, 13.4, 81.9], [16.6, 4.8, 13.6, 81.6], [17.2, 4.7, 13.2, 82.0], [17.7, 4.6, 13.1, 82.3], [20.0, 4.7, 13.1, 82.3], [22.1, 1.8, 4.7, 93.5], [22.6, 1.0, 4.1, 95.0], [24.8, 1.1, 4.4, 94.5], [25.5, 0.8, 4.3, 94.9], [26.0, 1.0, 4.4, 94.5], [26.6, 1.0, 4.5, 94.5], [27.1, 0.9, 4.1, 95.0], [27.6, 0.8, 3.6, 95.5], [28.1, 1.0, 4.1, 94.9], [28.6, 1.0, 4.1, 95.0], [29.3, 1.0, 4.3, 94.7], [29.8, 1.0, 4.3, 94.7], [30.8, 0.9, 3.5, 95.5], [31.4, 1.1, 3.8, 95.1], [32.0, 0.9, 4.1, 95.1], [32.7, 0.8, 3.7, 95.4], [33.2, 0.9, 3.8, 95.3], [33.8, 0.8, 3.8, 95.5], [34.5, 1.0, 4.4, 94.6], [35.3, 1.2, 4.7, 94.2], [36.2, 1.0, 4.4, 94.6], [37.0, 0.9, 4.1, 95.0], [38.3, 1.0, 4.7, 94.3], [39.0, 0.9, 4.3, 94.8], [39.5, 0.7, 3.4, 96.0], [40.0, 0.6, 3.2, 96.2], [40.6, 0.8, 3.7, 95.5], [41.2, 1.0, 4.1, 94.9], [41.8, 0.9, 4.2, 95.0], [42.5, 1.0, 3.6, 95.4], [43.1, 0.9, 3.3, 95.8], [43.6, 0.8, 3.5, 95.6], [44.2, 0.8, 3.4, 95.8], [44.7, 1.0, 4.0, 95.0], [45.4, 0.8, 3.7, 95.4], [45.9, 0.9, 3.8, 95.2], [46.5, 1.0, 3.9, 95.1], [47.2, 0.8, 3.1, 96.2], [47.8, 1.0, 4.8, 94.3], [48.3, 1.0, 4.4, 94.7], [48.9, 0.9, 4.8, 94.3], [49.4, 0.9, 4.5, 94.6], [49.9, 0.8, 4.0, 95.1], [50.4, 0.9, 4.3, 94.8], [51.0, 0.9, 4.4, 94.7], [51.6, 0.8, 4.4, 94.8], [52.3, 0.9, 4.4, 94.7], [53.0, 0.9, 4.5, 94.6], [53.5, 0.8, 3.9, 95.2], [54.0, 1.0, 4.6, 94.4], [54.6, 1.1, 5.4, 93.5], [55.1, 0.9, 4.7, 94.4], [55.8, 1.0, 4.7, 94.3], [56.3, 1.0, 4.8, 94.2], [57.0, 1.1, 5.2, 93.8], [57.9, 0.9, 4.3, 94.8], [59.3, 0.9, 4.1, 95.0], [59.8, 1.1, 5.3, 93.6], [61.5, 1.0, 4.8, 94.2], [62.0, 0.9, 4.5, 94.6], [62.6, 1.0, 5.2, 93.8], [63.2, 1.0, 5.1, 93.9], [63.7, 1.0, 4.6, 94.3], [64.8, 0.9, 3.8, 95.3], [66.1, 1.0, 4.4, 94.5], [66.8, 1.1, 5.1, 93.8], [67.6, 1.0, 4.4, 94.5], [68.3, 0.9, 4.1, 95.0], [70.1, 1.1, 4.9, 94.0], [71.8, 1.1, 4.9, 94.0], [72.4, 1.1, 4.4, 94.6], [73.2, 1.0, 4.3, 94.6], [73.7, 1.1, 4.8, 94.1], [74.4, 1.0, 4.5, 94.4], [74.9, 1.1, 4.0, 94.9], [75.6, 1.0, 4.1, 94.9], [76.1, 1.0, 5.0, 94.1], [76.8, 1.0, 4.8, 94.3], [77.3, 1.0, 4.8, 94.3], [77.8, 1.0, 5.0, 94.1], [78.4, 1.0, 4.3, 94.7], [79.3, 0.9, 4.3, 94.8], [79.9, 0.8, 4.1, 95.0], [80.4, 0.9, 4.4, 94.7], [81.0, 0.9, 4.7, 94.4], [81.6, 1.0, 5.0, 94.1], [82.1, 1.1, 5.3, 93.5], [82.6, 0.9, 4.7, 94.4], [83.1, 0.9, 4.7, 94.3], [83.8, 0.9, 4.8, 94.3], [84.3, 0.9, 4.8, 94.3], [84.8, 1.0, 5.7, 93.4], [85.4, 0.9, 5.1, 94.1], [85.9, 1.1, 6.3, 92.6], [86.7, 1.0, 5.3, 93.7], [87.2, 1.1, 6.2, 92.8], [87.9, 1.0, 5.6, 93.5], [88.5, 0.9, 5.2, 93.9], [89.0, 0.9, 5.2, 93.9], [89.6, 0.8, 4.7, 94.4], [90.2, 0.9, 5.2, 93.9], [90.7, 0.9, 5.0, 94.1], [91.7, 0.8, 5.5, 93.6], [92.2, 0.7, 4.3, 95.0], [92.7, 0.8, 4.5, 94.8], [93.3, 0.8, 4.9, 94.3], [94.1, 0.7, 4.3, 95.0], [94.6, 0.8, 5.0, 94.3], [96.1, 0.7, 4.5, 94.8], [96.7, 0.7, 4.0, 95.4], [97.3, 0.7, 3.2, 96.2], [98.0, 0.6, 5.0, 94.3], [98.7, 0.6, 4.2, 95.2], [99.3, 0.5, 4.4, 95.1], [99.8, 0.5, 5.0, 94.5], [100.3, 0.5, 4.7, 94.8], [100.8, 0.6, 4.5, 95.0], [101.3, 0.5, 5.1, 94.3], [101.8, 0.6, 5.1, 94.3], [102.4, 0.6, 5.3, 94.1], [103.9, 0.5, 5.0, 94.5], [104.5, 0.6, 5.3, 94.1], [105.0, 0.6, 5.3, 94.2], [105.5, 0.6, 5.2, 94.2], [106.1, 0.4, 5.1, 94.5], [106.8, 0.4, 5.2, 94.4], [108.2, 0.3, 5.0, 94.7], [114.2, 0.2, 3.4, 96.3], [114.8, 0.3, 4.0, 95.7], [115.3, 0.3, 4.0, 95.7], [115.8, 0.3, 3.9, 95.8], [116.3, 0.3, 4.0, 95.7], [116.9, 0.2, 3.5, 96.2], [117.4, 0.2, 3.2, 96.6], [118.1, 0.2, 2.8, 97.0], [118.8, 0.2, 2.7, 97.1], [119.9, 0.1, 3.4, 96.4], [120.8, 0.2, 3.4, 96.4], [122.2, 1.7, 92.0, 6.2]], "quakes": [{"min": 22.1, "side": "p2", "mag": 12.1}, {"min": 122.2, "side": "p1", "mag": 90.2}], "goals": [{"min": 22.1, "side": "p2", "inferred": true}, {"min": 122.2, "side": "p1", "inferred": true}], "cards": [], "metrics": {"volatility": 626.8, "lateDrama": 368.3, "maxSwing": 90.2, "upset": 82.3, "flips": 1}, "lines": ["The market gave Switzerland a 82% chance. Football disagreed.", "122' \u2014 a 90.2-point earthquake in Qatar's favour."]}, {"id": 17588386, "p1": "Brazil", "p2": "Morocco", "p1Id": 1634, "p2Id": 2530, "kickoff": 1781388240000, "stage": "Group Stage", "score": null, "outcome": "draw", "scoresReal": false, "opening": [57.3, 25.7, 17.0], "closing": [4.3, 92.2, 3.5], "wave": [8.32, 3.73, 4.47, 3.98, 5.64, 7.76, 7.29, 14.29, 5.32, 7.52, 9.88, 7.79, 5.84, 3.42, 5.44, 3.03, 2.1, 5.18, 3.22, 3.05, 2.17, 44.58, 24.57, 3.85, 2.7, 4.13, 2.8, 4.65, 7.38, 7.01, 5.51, 3.07, 55.16, 11.54, 3.86, 4.74, 3.58, 5.44, 5.88, 3.77, 4.5, 6.89, 31.33, 7.56, 3.5, 3.02, 7.25, 4.4, 3.56, 7.27, 2.15, 1.59, 2.97, 1.06, 1.85, 2.58, 1.85, 0.32, 0.44, 2.42, 2.21, 1.85, 2.42, 1.14, 4.97, 6.3, 3.57, 2.84, 3.81, 5.93, 4.71, 5.34, 4.62, 3.69, 6.3, 6.68, 3.68, 4.31, 4.92, 4.78, 3.5, 4.65, 6.89, 3.45, 6.4, 3.68, 7.22, 6.44, 7.15, 2.52, 4.19, 3.43, 8.76, 4.19, 3.76, 4.64, 4.58, 5.37, 5.98, 9.75, 6.91, 6.75, 10.71, 8.52, 8.39, 5.89, 6.22, 7.71, 9.71, 11.16, 8.74, 22.16, 12.96, 8.78, 7.68, 8.18, 7.34, 10.5, 9.65, 16.59, 4.29, 0.0, 0.0, 0.0, 0.0, 0.0, 0.0, 0.0, 0.0, 0.0, 0.0, 0.0, 0.0, 0.0, 0.0], "prob": [[0.0, 57.0, 26.1, 16.9], [0.6, 56.2, 26.7, 17.1], [1.2, 56.5, 26.4, 17.1], [1.7, 56.3, 26.6, 17.1], [2.3, 55.9, 26.8, 17.3], [2.9, 55.3, 27.0, 17.7], [3.4, 54.6, 27.3, 18.1], [3.9, 54.1, 27.5, 18.4], [4.6, 54.1, 27.7, 18.2], [5.1, 53.2, 27.8, 18.9], [5.6, 52.7, 28.1, 19.2], [6.1, 52.4, 28.5, 19.1], [6.6, 52.1, 28.3, 19.6], [7.1, 50.6, 28.9, 20.6], [7.6, 49.8, 29.0, 21.2], [8.1, 49.0, 29.2, 21.8], [8.6, 49.1, 29.2, 21.6], [9.2, 48.9, 29.1, 22.0], [9.7, 48.4, 29.2, 22.4], [10.2, 48.3, 29.1, 22.7], [10.8, 48.5, 29.0, 22.6], [11.3, 47.3, 29.4, 23.4], [11.9, 46.2, 29.5, 24.3], [12.5, 45.7, 29.4, 24.9], [13.0, 45.7, 29.6, 24.7], [13.6, 44.9, 29.9, 25.2], [14.1, 45.2, 29.7, 25.1], [14.7, 46.2, 29.5, 24.3], [15.3, 46.8, 29.6, 23.6], [15.9, 47.1, 29.5, 23.5], [16.4, 47.5, 29.5, 23.1], [16.9, 47.6, 29.4, 23.1], [17.4, 47.4, 29.6, 23.1], [18.0, 48.4, 29.5, 22.1], [18.5, 48.7, 29.5, 21.7], [19.0, 49.1, 29.5, 21.3], [19.5, 49.9, 29.3, 20.8], [20.0, 49.9, 29.3, 20.8], [20.6, 50.4, 29.4, 20.2], [21.7, 29.6, 29.5, 40.9], [22.2, 29.2, 29.4, 41.3], [22.8, 30.3, 29.5, 40.2], [23.3, 29.6, 29.7, 40.6], [23.8, 29.2, 29.9, 40.9], [24.3, 29.1, 30.0, 40.9], [24.9, 28.7, 29.8, 41.5], [25.5, 28.7, 29.8, 41.4], [26.0, 29.0, 30.1, 40.9], [26.5, 28.4, 30.5, 41.0], [27.0, 28.4, 30.6, 41.0], [27.5, 28.2, 30.4, 41.4], [28.0, 27.7, 30.3, 42.0], [28.5, 26.7, 30.2, 43.0], [29.0, 26.2, 29.9, 43.9], [29.6, 25.7, 29.8, 44.4], [30.1, 25.7, 29.6, 44.7], [30.8, 24.8, 29.6, 45.6], [31.3, 24.0, 29.2, 46.8], [32.8, 46.0, 33.9, 20.1], [33.3, 46.9, 33.1, 20.0], [33.9, 46.3, 33.2, 20.4], [34.5, 45.3, 33.6, 21.1], [35.0, 45.1, 33.7, 21.1], [35.5, 45.3, 33.6, 21.1], [36.0, 45.4, 33.8, 20.8], [36.5, 45.6, 34.1, 20.3], [37.1, 45.4, 34.4, 20.2], [37.6, 44.9, 34.6, 20.5], [38.2, 44.6, 34.7, 20.7], [38.7, 44.0, 35.1, 20.9], [39.2, 43.9, 35.0, 21.1], [39.7, 44.4, 35.1, 20.5], [40.3, 44.8, 35.1, 20.1], [40.9, 44.8, 35.1, 20.1], [41.4, 45.1, 35.1, 19.8], [41.9, 45.0, 35.4, 19.6], [42.4, 44.8, 35.5, 19.7], [42.9, 44.5, 35.8, 19.8], [43.4, 44.3, 35.8, 19.9], [43.9, 44.2, 36.1, 19.6], [44.4, 43.7, 36.7, 19.6], [44.9, 43.6, 36.8, 19.6], [45.4, 43.8, 36.7, 19.6], [46.0, 43.5, 37.0, 19.5], [46.5, 43.1, 37.8, 19.2], [47.0, 43.3, 37.4, 19.3], [47.6, 43.6, 37.4, 19.0], [48.1, 43.3, 37.7, 19.0], [48.6, 43.1, 37.9, 19.0], [49.1, 43.2, 38.2, 18.5], [49.7, 43.3, 38.1, 18.6], [50.2, 43.6, 37.8, 18.6], [50.8, 43.5, 38.0, 18.5], [51.3, 43.9, 37.8, 18.3], [51.8, 43.8, 38.2, 18.0], [52.7, 44.2, 38.0, 17.8], [53.4, 44.6, 37.2, 18.1], [54.0, 44.2, 37.7, 18.1], [54.7, 44.2, 37.9, 17.8], [55.4, 44.1, 38.0, 17.9], [56.3, 44.8, 37.8, 17.4], [57.3, 44.5, 38.0, 17.5], [58.0, 44.4, 38.1, 17.5], [59.2, 44.8, 37.9, 17.3], [59.9, 44.2, 37.9, 17.9], [60.9, 44.5, 37.3, 18.2], [61.4, 44.9, 38.0, 17.2], [62.2, 44.5, 37.9, 17.5], [62.8, 44.5, 37.6, 17.8], [63.5, 44.2, 37.8, 18.0], [64.1, 44.2, 38.2, 17.6], [64.6, 43.7, 38.2, 18.1], [65.2, 42.5, 38.9, 18.7], [65.7, 42.1, 38.9, 18.9], [66.2, 41.1, 39.3, 19.6], [66.7, 40.8, 39.5, 19.7], [67.3, 40.2, 40.0, 19.7], [67.9, 40.5, 40.1, 19.4], [68.5, 41.0, 40.0, 19.0], [69.0, 40.6, 40.3, 19.2], [69.6, 40.1, 40.7, 19.2], [70.1, 39.8, 40.9, 19.3], [70.6, 39.4, 41.5, 19.0], [71.1, 39.0, 42.0, 19.0], [71.6, 38.5, 42.2, 19.3], [72.2, 38.5, 42.6, 18.9], [72.7, 37.9, 43.1, 19.0], [73.4, 37.8, 43.3, 19.0], [73.9, 37.9, 43.7, 18.4], [74.4, 38.8, 43.4, 17.9], [74.9, 39.2, 42.8, 17.9], [75.4, 39.0, 43.0, 18.0], [75.9, 38.4, 43.3, 18.3], [76.5, 37.9, 44.0, 18.1], [77.0, 37.5, 44.5, 18.1], [77.6, 37.4, 44.7, 17.9], [78.2, 37.5, 44.9, 17.6], [78.8, 37.3, 45.5, 17.3], [79.3, 36.5, 46.2, 17.3], [79.9, 36.5, 46.5, 17.0], [80.4, 36.3, 46.9, 16.8], [80.9, 36.3, 46.9, 16.8], [81.4, 35.9, 47.3, 16.8], [81.9, 35.8, 47.5, 16.8], [82.4, 35.3, 48.4, 16.4], [83.0, 35.4, 48.2, 16.4], [83.7, 35.2, 48.5, 16.3], [84.2, 34.8, 49.4, 15.9], [84.7, 34.8, 49.5, 15.7], [85.2, 34.6, 49.8, 15.6], [85.9, 34.2, 50.3, 15.6], [86.4, 34.5, 50.7, 14.9], [86.9, 33.9, 51.0, 15.1], [87.5, 33.1, 52.2, 14.7], [88.0, 32.6, 53.4, 14.0], [88.5, 31.8, 54.7, 13.5], [89.0, 31.1, 55.6, 13.3], [89.5, 30.9, 55.8, 13.2], [90.2, 31.1, 56.1, 12.7], [90.9, 31.2, 55.9, 12.9], [91.4, 30.8, 56.1, 13.1], [92.0, 30.7, 56.3, 13.0], [92.5, 30.0, 56.7, 13.3], [93.0, 29.5, 57.2, 13.3], [93.6, 29.1, 57.5, 13.4], [94.1, 28.6, 58.1, 13.3], [94.8, 28.9, 57.7, 13.4], [95.3, 28.2, 58.2, 13.6], [95.8, 28.1, 58.4, 13.5], [96.4, 27.9, 58.9, 13.1], [96.9, 27.6, 59.4, 13.0], [97.5, 26.8, 60.4, 12.8], [98.0, 26.2, 60.4, 13.4], [98.5, 25.6, 61.2, 13.2], [99.0, 25.0, 62.0, 13.0], [99.5, 24.6, 63.1, 12.3], [100.0, 23.7, 64.3, 12.0], [100.5, 23.6, 64.6, 11.8], [101.0, 23.4, 64.6, 12.0], [101.5, 23.3, 65.0, 11.7], [102.0, 23.8, 64.7, 11.5], [102.5, 23.0, 65.6, 11.4], [103.1, 23.1, 65.4, 11.5], [103.6, 22.6, 66.3, 11.1], [104.2, 22.6, 67.2, 10.2], [104.7, 22.3, 67.6, 10.1], [105.2, 22.1, 67.6, 10.3], [105.9, 22.7, 67.1, 10.2], [106.4, 22.3, 67.7, 10.1], [106.9, 22.1, 67.9, 10.0], [107.4, 21.7, 68.4, 9.9], [107.9, 21.1, 69.0, 9.9], [108.4, 21.5, 68.5, 10.0], [108.9, 20.6, 69.4, 9.9], [109.4, 19.2, 70.8, 10.0], [109.9, 18.3, 72.3, 9.4], [110.4, 16.7, 74.4, 8.8], [110.9, 16.0, 75.2, 8.8], [111.4, 16.6, 74.2, 9.1], [111.9, 18.6, 71.2, 10.2], [112.4, 18.3, 72.5, 9.3], [112.9, 17.5, 74.0, 8.5], [113.5, 16.5, 75.2, 8.4], [114.0, 16.1, 76.0, 7.9], [114.5, 14.9, 77.4, 7.7], [115.0, 14.2, 78.1, 7.6], [115.5, 13.8, 79.0, 7.2], [116.1, 12.4, 80.3, 7.3], [116.6, 11.5, 81.6, 6.9], [117.1, 10.4, 83.4, 6.2], [117.6, 9.5, 85.0, 5.4], [118.1, 8.8, 85.6, 5.6], [118.6, 8.3, 85.9, 5.7], [119.1, 6.7, 89.3, 4.0], [119.6, 6.0, 90.7, 3.2], [120.1, 5.0, 91.0, 4.0]], "quakes": [{"min": 21.7, "side": "p2", "mag": 20.8}, {"min": 32.8, "side": "p1", "mag": 27.2}], "goals": [{"min": 21.7, "side": "p2", "inferred": true}, {"min": 32.8, "side": "p1", "inferred": true}], "cards": [], "metrics": {"volatility": 809.6, "lateDrama": 354.4, "maxSwing": 27.2, "upset": 57.3, "flips": 3}, "lines": ["The market gave Brazil a 57% chance. Football disagreed.", "32' \u2014 a 27.2-point earthquake in Brazil's favour."]}, {"id": 17588316, "p1": "Haiti", "p2": "Scotland", "p1Id": 1128, "p2Id": 2945, "kickoff": 1781398920000, "stage": "Group Stage", "score": null, "outcome": "p2", "scoresReal": false, "opening": [18.1, 22.6, 59.3], "closing": [0.4, 2.7, 96.9], "wave": [5.21, 4.54, 2.58, 4.18, 4.79, 4.0, 5.54, 3.66, 2.9, 2.71, 3.81, 5.57, 3.15, 20.78, 4.54, 3.65, 6.22, 5.12, 2.76, 3.98, 2.07, 2.64, 3.45, 2.17, 1.36, 1.14, 2.87, 2.71, 1.15, 56.1, 9.82, 4.38, 5.36, 4.98, 4.47, 5.42, 4.44, 3.87, 2.47, 5.58, 2.55, 4.04, 2.91, 3.35, 3.9, 2.26, 3.52, 2.37, 3.66, 1.83, 0.77, 2.61, 1.6, 2.15, 0.0, 0.0, 0.0, 1.68, 2.16, 3.1, 1.19, 5.35, 1.06, 2.95, 1.7, 2.47, 1.68, 3.94, 2.12, 4.5, 3.07, 2.88, 2.51, 2.08, 2.6, 2.7, 5.38, 4.85, 0.93, 2.56, 3.18, 4.03, 2.43, 3.91, 1.74, 2.68, 2.94, 2.51, 3.22, 4.34, 2.22, 3.43, 3.23, 3.83, 2.71, 6.69, 3.52, 5.42, 6.18, 4.8, 10.14, 3.85, 5.49, 3.16, 4.06, 5.13, 5.04, 4.83, 5.78, 6.73, 5.59, 5.58, 9.35, 4.11, 3.58, 1.08, 8.69, 1.2, 3.73, 0.0, 0.0, 0.0, 0.0, 0.0, 0.0, 0.0, 0.0, 0.0, 0.0, 0.0, 0.0, 0.0, 0.0, 0.0, 0.0], "prob": [[0.0, 18.1, 22.7, 59.2], [0.5, 18.3, 22.4, 59.2], [1.1, 18.7, 23.2, 58.2], [1.6, 18.3, 23.2, 58.5], [2.1, 18.2, 23.1, 58.7], [2.7, 18.2, 23.2, 58.6], [3.2, 18.0, 23.2, 58.9], [3.7, 17.7, 23.2, 59.0], [4.2, 17.7, 23.2, 59.2], [4.7, 17.2, 23.1, 59.7], [5.2, 16.8, 23.0, 60.2], [5.9, 16.5, 23.1, 60.4], [6.4, 16.6, 23.1, 60.3], [6.9, 16.6, 23.7, 59.7], [7.4, 16.5, 23.4, 60.0], [8.0, 16.4, 23.5, 60.1], [8.5, 16.5, 23.6, 59.9], [9.0, 16.3, 23.7, 60.0], [9.5, 16.3, 24.0, 59.7], [10.1, 16.1, 24.0, 59.9], [10.6, 16.3, 24.3, 59.4], [11.1, 16.0, 24.3, 59.7], [11.7, 16.6, 24.6, 58.7], [12.2, 16.7, 24.8, 58.5], [12.7, 17.1, 25.0, 57.8], [13.2, 17.7, 25.1, 57.2], [13.7, 18.5, 25.7, 55.8], [14.2, 19.0, 26.0, 55.0], [14.7, 19.6, 26.0, 54.4], [15.3, 19.8, 26.1, 54.0], [15.8, 20.0, 26.5, 53.5], [16.3, 19.7, 26.7, 53.6], [16.8, 19.8, 26.8, 53.4], [17.3, 19.9, 26.8, 53.4], [18.0, 20.0, 26.8, 53.2], [18.5, 19.3, 26.8, 53.9], [19.0, 19.4, 26.7, 53.9], [19.6, 18.9, 26.9, 54.3], [20.1, 18.5, 26.9, 54.6], [20.6, 18.5, 27.0, 54.5], [21.2, 18.4, 27.2, 54.5], [21.8, 18.3, 27.1, 54.6], [22.3, 18.0, 27.2, 54.7], [22.8, 18.2, 27.6, 54.2], [23.3, 18.1, 27.8, 54.1], [23.9, 18.3, 28.2, 53.5], [24.5, 18.4, 28.3, 53.3], [25.0, 18.2, 28.7, 53.0], [25.5, 18.2, 28.6, 53.1], [26.2, 18.3, 28.6, 53.1], [26.8, 18.2, 28.4, 53.4], [27.3, 18.2, 28.3, 53.4], [27.8, 18.3, 28.4, 53.4], [28.4, 18.3, 28.5, 53.2], [29.6, 6.6, 15.5, 77.9], [30.1, 7.0, 16.4, 76.6], [30.6, 6.9, 16.8, 76.3], [31.1, 7.1, 16.9, 76.0], [31.6, 7.5, 17.2, 75.4], [32.2, 7.5, 17.6, 74.8], [32.7, 7.5, 17.5, 75.0], [33.2, 7.3, 17.1, 75.6], [33.8, 7.1, 17.4, 75.4], [34.3, 7.4, 17.2, 75.4], [34.9, 7.5, 17.6, 75.0], [35.4, 7.7, 17.9, 74.4], [35.9, 7.7, 17.9, 74.4], [36.4, 7.9, 18.1, 73.9], [36.9, 8.3, 18.6, 73.2], [37.5, 8.3, 18.6, 73.0], [38.0, 8.6, 19.0, 72.4], [38.5, 8.8, 19.0, 72.2], [39.0, 8.8, 18.8, 72.3], [39.5, 8.5, 19.0, 72.5], [40.1, 8.9, 18.9, 72.2], [40.6, 8.7, 18.8, 72.5], [41.1, 8.5, 19.1, 72.4], [41.6, 8.1, 18.8, 73.1], [42.1, 8.1, 19.0, 72.9], [42.9, 8.1, 19.1, 72.9], [43.4, 7.8, 19.1, 73.1], [43.9, 7.7, 19.0, 73.3], [44.4, 7.5, 18.5, 74.0], [45.0, 7.4, 18.8, 73.7], [45.5, 7.6, 19.0, 73.4], [46.1, 7.6, 18.7, 73.6], [46.7, 7.3, 18.9, 73.8], [47.2, 7.1, 18.8, 74.1], [47.9, 7.1, 18.6, 74.3], [48.4, 7.0, 19.0, 74.0], [49.0, 7.0, 18.8, 74.2], [49.7, 6.9, 18.8, 74.3], [50.5, 7.1, 18.7, 74.2], [51.1, 6.8, 18.0, 75.2], [52.3, 6.8, 18.3, 74.9], [53.2, 6.8, 18.9, 74.4], [54.0, 7.2, 18.5, 74.3], [57.9, 7.0, 18.3, 74.7], [58.5, 6.9, 17.8, 75.3], [59.3, 6.8, 18.0, 75.2], [60.0, 6.8, 18.7, 74.5], [60.6, 6.9, 18.9, 74.2], [61.5, 6.7, 18.1, 75.2], [62.2, 7.2, 18.8, 74.0], [62.9, 7.0, 18.8, 74.2], [63.5, 6.9, 18.4, 74.7], [64.1, 7.1, 18.7, 74.2], [64.8, 7.0, 19.4, 73.5], [65.7, 6.8, 18.4, 74.7], [66.3, 7.0, 17.6, 75.3], [67.0, 7.0, 17.7, 75.4], [67.6, 6.9, 17.8, 75.3], [68.2, 7.1, 18.8, 74.1], [68.7, 7.1, 19.1, 73.8], [69.2, 7.1, 19.0, 73.9], [69.8, 7.0, 19.0, 74.0], [70.3, 6.9, 18.8, 74.3], [70.9, 6.7, 18.5, 74.8], [71.5, 6.6, 18.4, 74.9], [72.0, 6.5, 18.5, 75.1], [72.5, 6.4, 18.3, 75.4], [73.1, 6.1, 18.3, 75.6], [73.6, 6.1, 18.3, 75.6], [74.1, 6.1, 18.5, 75.4], [74.7, 6.3, 18.6, 75.1], [75.2, 6.1, 18.6, 75.4], [75.8, 6.1, 18.6, 75.3], [76.3, 5.8, 18.4, 75.8], [76.9, 5.6, 18.1, 76.3], [77.4, 5.5, 18.0, 76.5], [77.9, 5.4, 17.9, 76.6], [78.4, 5.3, 17.9, 76.7], [78.9, 5.2, 17.9, 76.9], [79.6, 5.0, 17.8, 77.3], [80.1, 5.0, 17.5, 77.5], [80.6, 4.8, 17.5, 77.7], [81.2, 4.6, 17.3, 78.1], [81.7, 4.4, 16.9, 78.7], [82.3, 4.3, 17.1, 78.5], [82.8, 4.3, 16.9, 78.9], [83.3, 4.2, 17.0, 78.9], [83.8, 4.0, 16.8, 79.2], [84.5, 3.9, 16.7, 79.4], [85.1, 3.8, 16.6, 79.6], [85.7, 3.9, 16.6, 79.5], [86.2, 3.9, 16.7, 79.4], [86.8, 3.8, 16.3, 79.9], [87.3, 3.8, 16.3, 79.9], [87.9, 3.6, 16.1, 80.2], [88.4, 3.6, 15.9, 80.5], [88.9, 3.4, 16.1, 80.5], [89.8, 3.2, 15.5, 81.3], [90.3, 3.5, 16.0, 80.6], [90.8, 3.4, 16.0, 80.6], [91.3, 3.2, 15.7, 81.1], [91.9, 3.3, 15.9, 80.8], [92.4, 3.4, 15.7, 80.9],